0: urisc 10, 10, 1 // 0000001010 0000001010 0000000001 | 00 0000 1010 0000 0010 1000 0000 0001 | 0x00a02801
1: urisc 9, 8, 5   // 0000001001 0000001000 0000000101 | 00 0000 1001 0000 0010 0000 0000 0101 | 0x00902005
2: urisc 10, 7, 3  // 0000001010 0000000111 0000000011 | 00 0000 1010 0000 0001 1100 0000 0011 | 0x00a01c03
3: urisc 11, 11, 4 // 0000001011 0000001011 0000000100 | 00 0000 1011 0000 0010 1100 0000 0100 | 0x00b02c04
4: urisc 11, 8, 1  // 0000001011 0000001000 0000000001 | 00 0000 1011 0000 0010 0000 0000 0001 | 0x00b02001
5: urisc 11, 11, 6 // 0000001011 0000001011 0000000110 | 00 0000 1011 0000 0010 1100 0000 0110 | 0x00b02c06
6: urisc 11, 8, 5  // 0000001011 0000001000 0000000101 | 00 0000 1011 0000 0010 0000 0000 0101 | 0x00b02005
7: -42             // 111111111111111111111110110110   | 11 1111 1111 1111 1111 1111 1101 0110 | 0x3fffffd6
8: 1               // 000000000000000000000000000001   | 00 0000 0000 0000 0000 0000 0000 0001 | 0x00000001
9: 99              // 000000000000000000000001100011   | 00 0000 0000 0000 0000 0000 0110 0011 | 0x00000063
10:
11:
